21729580 0
94126320 1
11883847 2
20523318 3
56542782 4
24585812 5
31337440 6
78644331 7
66634938 8
5463318 9
3672283 10
25825352 11
40574313 12
76733964 13
61465450 14
84461002 15
98120455 16
70529996 17
71728268 18
1227432 19
85574845 20
88385144 21
73491879 22
31216878 23
36660127 24
86225724 25
9271030 26
31075465 27
79122346 28
48418546 29
83314654 30
5264410 31
76364732 32
14394207 33
82412431 34
47061035 35
58000853 36
25662696 37
35562115 38
3422481 39
37606564 40
29843446 41
91939360 42
18309576 43
31412954 44
76222955 45
43961934 46
13341907 47
17768339 48
68620949 49
70902870 50
6693772 51
45831051 52
57507326 53
48431855 54
91250728 55
77026053 56
49069002 57
29553314 58
55028025 59
6387575 60
38093581 61
83354280 62
91011838 63
77407289 64
8342469 65
40836491 66
32171927 67
93858416 68
25523293 69
18320682 70
70780667 71
78390698 72
29754067 73
16249722 74
60506657 75
23551489 76
60840576 77
96703369 78
81776824 79
96924338 80
54494172 81
90085003 82
95354840 83
72524298 84
6465532 85
20049102 86
3328693 87
47841753 88
6030502 89
20065822 90
37907967 91
14306330 92
89072152 93
14163568 94
90284347 95
34272076 96
1649717 97
69929786 98
19973178 99
36780231 100
77915150 101
54894022 102
64041120 103
81803817 104
72264581 105
39011537 106
67944892 107
88889006 108
99695384 109
75204460 110
39155335 111
72632561 112
20474407 113
49281616 114
58926367 115
54639427 116
40898489 117
79441354 118
25364786 119
5431141 120
48166716 121
35999279 122
66030046 123
96723306 124
86026667 125
67710733 126
91859796 127
37264544 128
88162396 129
41269152 130
82329557 131
72913243 132
22996878 133
86193980 134
94625301 135
22442739 136
42513551 137
42725598 138
35059854 139
77273574 140
41291240 141
36862667 142
19743973 143
96363411 144
44802437 145
69301153 146
8188437 147
87310620 148
56320211 149
42417625 150
6886494 151
27817632 152
6708220 153
32310916 154
37271827 155
29839978 156
86264032 157
10579637 158
77010075 159
90314759 160
45192142 161
84948459 162
24428785 163
82086873 164
78201589 165
37436396 166
11961885 167
89546728 168
90262474 169
47217940 170
31870073 171
59448155 172
35489792 173
54358918 174
91339123 175
87222067 176
32641848 177
84195713 178
5396922 179
16571071 180
28134344 181
53405441 182
13110465 183
23446748 184
63173963 185
45938209 186
35812979 187
80561784 188
30297508 189
91658686 190
27910634 191
90433037 192
17281377 193
33563638 194
19153958 195
45421808 196
3525869 197
59408751 198
29073905 199